67,1
67,0
66,4
66,3
66,2
66,1
66,0
65,3
65,2
65,1
65,0
64,3
64,2
64,1
64,0
63,3
63,2
63,1
63,0
62,3
62,2
62,1
62,0
61,3
61,2
61,1
61,0
60,3
60,2
60,1
60,0
59,3
59,2
59,1
59,0
58,3
58,2
58,1
58,0
56,3
56,2
56,1
56,0
55,3
55,2
55,1
55,0
54,3
54,2
54,1
54,0
53,3
53,2
53,1
53,0
52,3
52,2
52,1
52,0
51,3
51,2
51,1
51,0
48,3
48,2
48,1
48,0
4,3
4,2
4,1
4,0
3,6
3,5
3,4
3,3
3,2
3,1
3,0
2,10
2,9
2,8
2,7
2,6
2,5
2,4
2,3
2,2
2,1
2,0
1,3
1,2
1,1
1,0
0,408
0,365
0,363
0,349
0,348
0,347
0,346
0,327
0,326
0,322
0,301
0,243
0,9
0,310
0,305
0,308
0,304
0,303
0,302
0,307
0,12
0,447
0,10
0,8
0,0
0,388
0,300
0,313
0,299
0,426
0,298
0,374
0,297
0,413
0,296
0,424
0,295
0,418
0,294
0,338
0,293
0,342
0,292
0,343
0,291
0,411
0,290
0,393
0,289
0,361
0,288
0,442
0,287
0,416
0,286
0,435
0,285
0,331
0,284
0,434
0,283
0,367
0,282
0,364
0,281
0,431
0,280
0,337
0,279
0,329
0,278
0,389
0,277
0,332
0,276
0,412
0,275
0,445
0,274
0,366
67,2
67,3
68,1
68,2
68,4
68,5
68,7
68,9
68,10
68,12
68,13
69,1
69,3
69,4
70,0
70,1
70,3
70,4
73,1
73,3
73,4
74,0
74,1
74,3
74,5
75,0
75,2
75,3
76,0
76,1
76,3
77,0
77,1
77,3
77,4
78,1
78,3
78,4
79,1
79,2
79,4
80,0
80,2
80,4
81,0
81,2
81,3
81,5
82,1
82,2
82,4
83,0
83,2
83,4
84,0
84,2
84,3
85,0
85,1
85,3
86,0
86,1
86,3
86,4
87,1
87,3
87,4
88,1
88,2
88,4
88,5
89,0
89,2
89,3
89,5
91,0
91,2
91,4
91,5
93,1
93,2
93,4
93,5
94,1
94,3
94,4
95,0
95,1
95,3
95,5
96,0
96,2
96,3
96,5
97,1
97,2
97,4
97,5
98,1
98,2
98,4
98,6
99,0
99,2
99,3
99,5
100,0
100,1
100,3
100,4
101,0
101,1
101,3
101,5
102,0
102,2
102,3
102,5
126,0
126,1
126,3
126,4
133,0
133,1
133,3
134,0
134,1
134,3
135,0
135,2
135,4
135,5
137,1
137,2
137,4
138,0
138,2
138,4
138,5
143,1
143,2
143,4
144,0
144,1
144,3
145,0
145,2
146,0
146,1
146,3
146,4
146,6
146,7
146,9
146,11
146,12
146,14
146,15
146,17
146,19
146,20
146,22
146,23
146,25
146,26
146,28
146,30
146,31
146,33
146,34
146,64
146,66
147,0
147,2
147,3
147,1
146,65
146,35
146,32
146,29
146,27
146,24
146,21
146,18
146,16
146,13
146,10
146,8
146,5
146,2
145,3
145,1
144,2
143,5
143,3
143,0
138,3
138,1
137,3
137,0
135,3
135,1
134,2
133,4
133,2
126,5
126,2
102,6
102,4
102,1
101,4
101,2
100,5
100,2
99,6
99,4
99,1
98,5
98,3
98,0
97,3
97,0
96,4
96,1
95,4
95,2
94,5
94,2
94,0
93,3
93,0
91,3
91,1
89,4
89,1
88,6
88,3
88,0
87,2
87,0
86,2
85,4
85,2
84,4
84,1
83,3
83,1
82,3
82,0
81,4
81,1
80,3
80,1
79,3
79,0
78,2
78,0
77,2
76,4
76,2
75,4
75,1
74,4
74,2
73,5
73,2
73,0
70,2
69,5
69,2
69,0
68,11
68,8
68,6
68,3
68,0
0,273
0,360
0,272
0,335
0,271
0,328
0,270
0,419
0,269
0,330
0,268
0,406
0,267
0,441
0,266
0,318
0,265
0,399
0,264
0,400
0,263
0,428
0,262
0,312
0,261
0,321
0,260
0,392
0,259
0,358
0,258
0,357
0,257
0,375
0,256
0,345
0,255
0,325
0,254
0,314
0,253
0,377
0,252
0,437
0,251
0,362
0,250
0,444
0,249
0,446
0,248
0,417
0,247
0,309
0,246
0,439
0,245
0,405
0,244
0,433
0,242
0,391
0,241
0,376
0,240
0,395
0,239
0,354
0,238
0,334
0,237
0,356
0,236
0,385
0,235
0,387
0,234
0,372
0,233
0,438
0,232
0,404
0,231
0,352
0,230
0,394
0,229
0,317
0,228
0,390
0,227
0,311
0,226
0,398
0,225
0,371
0,224
0,401
0,223
0,359
0,222
0,384
0,221
0,368
0,220
0,355
0,219
0,415
0,218
0,319
0,217
0,353
0,216
0,323
0,215
0,381
0,214
0,422
0,213
0,316
0,212
0,320
0,211
0,333
0,210
0,383
0,209
0,382
0,208
0,373
0,207
0,397
0,206
0,429
0,205
0,339
0,204
0,409
0,203
0,324
0,202
0,420
0,201
0,336
0,200
0,380
0,199
0,351
0,198
0,350
0,197
0,379
0,196
0,414
0,195
0,436
0,194
0,407
0,193
0,425
0,192
0,306
0,63
0,369
0,62
0,432
0,61
0,421
0,60
0,396
0,59
0,341
0,58
0,443
0,57
0,315
0,56
0,427
0,55
0,430
0,54
0,344
0,53
0,340
0,52
0,403
0,51
0,440
0,50
0,423
0,49
0,378
0,48
0,370
0,47
0,402
0,46
0,410
0,45
0,386
0,6
0,5
0,1
0,11
0,4
0,2
0,3
0,7
